8f20c9188561b796ef8e26196de30be4,1477969147,104.07513,30.72724
0042335af19153b40ab928b27490ab92,1477998234,104.08576,30.65656
9e5ade69df3f35dae45a4c2b622d10af,1477960620,104.12944,30.65915
ca716c91fa2f3b7c8a441f32c2fc0782,1477938248,104.04255,30.67807
3827abae1f1fc2035cada91399318479,1477998578,104.07546,30.65381
a97382d564bb6785baa0e820110d8c62,1477969203,104.08421,30.65552
7ee831b9edb7327bca8a1ac6bd82f00b,1477967646,104.11075,30.65969
b9b52131b1340c4e65e3610b76a0e321,1477930095,104.10348,30.71363
44c39404c39f82ee7f9b3028ecea7336,1478005351,104.08595,30.66023
1d6a00f022a7c78fd8e5f652557296ac,1477977331,104.10656,30.65470
0657e7c9c79e5bd67cd56fd858202e10,1477976844,104.11217,30.71530
e0551d8dc08b99c41e57eef6377a463a,1477980529,104.07006,30.65383
d7251ab1f24dab492a8074848fb3f6ce,1477959290,104.11191,30.67379
a710959b30fb9657b88bb9a35ba82c24,1477987261,104.07284,30.68590
fd31827ffe4e76ba433e98fb1987e965,1477969200,104.07981,30.66713
4b771d4c0b7feb2c60c9571174ac3ee6,1478004926,104.04349,30.72275
0bd3c11f413740014538c6e51cf10158,1477997667,104.08142,30.70533
e56b1f58211451e798a11d288c956d38,1477972838,104.12909,30.71469
88859bea50baa891701f22893533f842,1477984645,104.04721,30.72762
ec84fc400069be449a1382b28947cb82,1478007909,104.12899,30.71558
d540961c080bdf11c978e394b15aeeef,1477983601,104.07165,30.70487
ce6df049755711124ff37cc3def36880,1477976659,104.05545,30.65875
090ba654506d6425d06222954c019d97,1477981308,104.06989,30.65359
a1c229402ff6267129cbc4bb1ec8757b,1477932876,104.05595,30.67882
81c0213411e5aaad4528c60a1e4b3b7b,1478005001,104.04295,30.69931
8c96c99b8f5973a721cd22ca473cb291,1477989566,104.05590,30.66735
ede37c57347d31e483735f1911770dfe,1477988269,104.06033,30.65335
32d397788e87c1174c18b7e554cd8a16,1477985307,104.08729,30.65406
f3dda025d8d70a7239cca9149509a0a5,1477976203,104.04264,30.67537
4cd06846a5fdfd902b002c20ddb520f9,1477966651,104.05057,30.65309
3459bd49a31ad475c0fee92e493a9e24,1477956359,104.06192,30.65350
a30b1b732ed24f7532aea554395099c3,1477957718,104.07512,30.72688
acd9c27e50ab6d8ed2c05e2b2f85d948,1477997292,104.06042,30.66914
49adde0a45c3067f6b38979e7e2abdcb,1477962579,104.10469,30.68147
460f4f9b97c567da77a15326ff297474,1477987576,104.06801,30.65466
491fea94600e1bccb6413feabf9736d8,1477965868,104.04276,30.68432
619b6a5012cd0b070de35d29244aa7f3,1477962000,104.04607,30.68607
b3ca3269976fa56a97f7bc183eb8147b,1477957356,104.10950,30.71234
8cf17acf422e30afcfc5891703bfe384,1477990803,104.10091,30.68436
98c93d318bf7c900041e543d37ecc3d6,1477971927,104.07513,30.72723
930feda521c16e1cc89007bfc3c7eacb,1477994684,104.04337,30.67960
6017c5346a7f0adf2ba97411d6916dec,1477968776,104.04265,30.68446
5d290628115aa012517660a8c6cdff4c,1478012403,104.07001,30.65648
0d23c9012029815d5beae2c434e81f80,1478005216,104.08295,30.69010
4990530f92165d5d3b0e7f41531e0a42,1477966733,104.09697,30.67942
f74d026595539f885b95b4dfd1062899,1477955774,104.11461,30.68008
d176f141c71a5711a182ce9ef5d14bde,1477934225,104.06997,30.65370
c74bbdfd5852901238e66726fa38e6f3,1477985688,104.12862,30.70664
dc1aa201941a7489f0f7a970ad50ddf6,1477980110,104.06061,30.66502
89cec116b17f1b7c1603d2c28cea49f9,1477948445,104.05999,30.72070
